STARLINK-1007
1 44713U 19074A   24072.33333333  .00015560  00000-0  28173-3 0  9997
2 44713  53.0534 278.4907 0001308 100.8351 259.2778 15.06392095213614
STARLINK-1008
1 44714U 19074B   24072.33333333  .00015560  00000-0  28173-3 0  9997
2 44714  53.0534  80.4907 0001308 100.8351 259.2778 15.06392095213614
STARLINK-1009
1 44715U 19074C   24072.33333333  .00015560  00000-0  28173-3 0  9997
2 44715  53.0534 160.4907 0001308 100.8351 259.2778 15.06392095213614
STARLINK-1010
1 44716U 19074D   24072.33333333  .00015560  00000-0  28173-3 0  9997
2 44716  53.0534 200.4907 0001308 100.8351 259.2778 15.06392095213614
STARLINK-1011
1 44717U 19074E   24072.33333333  .00015560  00000-0  28173-3 0  9997
2 44717  53.0534 240.4907 0001308 100.8351 259.2778 15.06392095213614
STARLINK-1012
1 44718U 19074F   24072.33333333  .00015560  00000-0  28173-3 0  9997
2 44718  53.0534 300.4907 0001308 100.8351 259.2778 15.06392095213614
STARLINK-1013
1 44719U 19074G   24072.33333333  .00015560  00000-0  28173-3 0  9997
2 44719  53.0534  20.4907 0001308 100.8351 259.2778 15.06392095213614
STARLINK-1014
1 44720U 19074H   24072.33333333  .00015560  00000-0  28173-3 0  9997
2 44720  53.0534  60.4907 0001308 100.8351 259.2778 15.06392095213614
STARLINK-1015
1 44721U 19074J   24072.33333333  .00015560  00000-0  28173-3 0  9997
2 44721  53.0534 120.4907 0001308 100.8351 259.2778 15.06392095213614
STARLINK-1016
1 44722U 19074K   24072.33333333  .00015560  00000-0  28173-3 0  9997
2 44722  53.0534 340.4907 0001308 100.8351 259.2778 15.06392095213614